domain_id;